2.500E-01 1.4290E-01 4.72E+01 1.2092E+00 1.2387E-01 2.479E+00 3.560E+01 1.14E+02 5.548471E-03 3.609508E-03 5.986289E-04 -3.636E-02 7.859E+01 -1.02E+03 2.976951E-05 1.087446E-05 4.395518E-06 8.235E+01
2.759E-01 1.4870E-01 4.49E+01 1.2497E+00 1.1116E-01 3.561E-01 3.834E+01 1.29E+02 5.770097E-03 3.831414E-03 6.073271E-04 -3.807E-02 8.560E+01 -1.20E+03 2.936907E-05 1.076062E-05 4.335973E-06 8.980E+01
3.017E-01 1.5330E-01 4.27E+01 1.2139E+00 1.0865E-01 3.454E-01 4.080E+01 1.39E+02 5.729363E-03 3.737744E-03 6.160841E-04 -4.095E-02 9.327E+01 -1.35E+03 2.880109E-05 1.057562E-05 4.252051E-06 9.887E+01
3.276E-01 1.5690E-01 4.06E+01 1.2782E+00 9.6067E-02 3.374E-01 4.301E+01 1.38E+02 5.570282E-03 3.434182E-03 6.376655E-04 -4.259E-02 1.016E+02 -1.46E+03 2.815275E-05 1.034972E-05 4.156626E-06 1.097E+02
3.534E-01 1.5930E-01 3.87E+01 1.2877E+00 8.7070E-02 3.324E-01 4.574E+01 1.66E+02 5.265606E-03 3.334360E-03 5.858441E-04 -4.935E-02 1.074E+02 -1.64E+03 2.725666E-05 9.998210E-06 4.021943E-06 1.213E+02
3.793E-01 1.6070E-01 3.68E+01 1.2556E+00 8.1124E-02 3.301E-01 4.839E+01 1.96E+02 4.924781E-03 3.148685E-03 5.420767E-04 -5.555E-02 1.131E+02 -1.80E+03 2.646107E-05 9.628919E-06 3.914427E-06 1.340E+02
4.052E-01 1.6120E-01 3.51E+01 1.2208E+00 7.4450E-02 3.284E-01 5.136E+01 2.59E+02 4.550118E-03 3.048422E-03 4.736003E-04 -6.508E-02 1.173E+02 -2.01E+03 2.557301E-05 9.257619E-06 3.783300E-06 1.470E+02
4.310E-01 1.6080E-01 3.34E+01 1.1845E+00 6.7395E-02 3.293E-01 5.414E+01 3.23E+02 4.222178E-03 2.871289E-03 4.311122E-04 -7.407E-02 1.213E+02 -2.18E+03 2.458953E-05 8.891565E-06 3.630960E-06 1.604E+02
4.569E-01 1.5950E-01 3.19E+01 1.1698E+00 6.0909E-02 3.326E-01 5.695E+01 4.17E+02 3.876546E-03 2.676645E-03 3.878958E-04 -8.568E-02 1.246E+02 -2.36E+03 2.378287E-05 8.536089E-06 3.516528E-06 1.745E+02
4.828E-01 1.5750E-01 3.04E+01 1.1536E+00 5.4506E-02 3.362E-01 5.949E+01 5.19E+02 3.516865E-03 2.403512E-03 3.567646E-04 -9.850E-02 1.283E+02 -2.50E+03 2.292020E-05 8.205025E-06 3.388424E-06 1.883E+02
5.086E-01 1.5470E-01 2.90E+01 1.1334E+00 4.8268E-02 3.422E-01 6.168E+01 6.07E+02 3.122202E-03 2.057231E-03 3.317458E-04 -1.126E-01 1.323E+02 -2.57E+03 2.212826E-05 7.894124E-06 3.273174E-06 2.032E+02
5.345E-01 1.5130E-01 2.77E+01 1.1107E+00 4.2403E-02 3.499E-01 6.351E+01 6.40E+02 2.717349E-03 1.678335E-03 3.104930E-04 -1.280E-01 1.366E+02 -2.55E+03 2.126941E-05 7.559220E-06 3.147433E-06 2.204E+02
5.603E-01 1.4720E-01 2.64E+01 1.0850E+00 3.6952E-02 3.597E-01 6.493E+01 5.81E+02 2.353695E-03 1.313842E-03 2.947509E-04 -1.085E-01 1.409E+02 -2.41E+03 2.051012E-05 7.275860E-06 3.035971E-06 2.372E+02
5.862E-01 1.4260E-01 2.53E+01 1.0576E+00 3.2025E-02 3.720E-01 6.609E+01 2.40E+03 2.128168E-03 1.036179E-03 2.907882E-04 9.274E-02 1.444E+02 -2.18E+03 1.969824E-05 6.972427E-06 2.915742E-06 2.551E+02
6.121E-01 1.3750E-01 2.42E+01 1.0284E+00 2.7634E-02 3.851E-01 6.756E+01 3.82E+03 2.001906E-03 8.562003E-04 2.877471E-04 6.305E-01 1.468E+02 -1.97E+03 1.885810E-05 6.674168E-06 2.787015E-06 2.730E+02
6.379E-01 1.3190E-01 2.32E+01 9.9747E-01 2.3792E-02 4.014E-01 6.937E+01 5.13E+03 1.914683E-03 7.318140E-04 2.816095E-04 1.461E+00 1.478E+02 -1.82E+03 1.808247E-05 6.378895E-06 2.673507E-06 2.892E+02
6.638E-01 1.2590E-01 2.22E+01 9.6552E-01 2.0525E-02 4.213E-01 7.141E+01 6.30E+03 1.843449E-03 6.399877E-04 2.728734E-04 2.441E+00 1.484E+02 -1.69E+03 1.738011E-05 6.088725E-06 2.574277E-06 3.074E+02
6.897E-01 1.1960E-01 2.13E+01 9.3272E-01 1.7852E-02 4.427E-01 7.364E+01 7.31E+03 1.773089E-03 5.708557E-04 2.617707E-04 3.471E+00 1.481E+02 -1.60E+03 1.654860E-05 5.805312E-06 2.445461E-06 3.246E+02
7.155E-01 1.1300E-01 2.04E+01 8.9892E-01 1.5706E-02 4.685E-01 7.597E+01 8.20E+03 1.701562E-03 5.145809E-04 2.494950E-04 4.548E+00 1.474E+02 -1.51E+03 1.576363E-05 5.505044E-06 2.330602E-06 3.431E+02
7.414E-01 1.0620E-01 1.96E+01 8.6478E-01 1.4064E-02 4.985E-01 7.837E+01 9.05E+03 1.632389E-03 4.662621E-04 2.370491E-04 5.720E+00 1.465E+02 -1.43E+03 1.503392E-05 5.211531E-06 2.228118E-06 3.620E+02
7.672E-01 9.9200E-02 1.88E+01 8.2994E-01 1.2885E-02 5.337E-01 8.095E+01 9.64E+03 1.554885E-03 4.333245E-04 2.246345E-04 6.564E+00 1.450E+02 -1.39E+03 1.428334E-05 4.938573E-06 2.116531E-06 3.813E+02
7.931E-01 9.2100E-02 1.81E+01 7.9495E-01 1.2173E-02 5.760E-01 8.370E+01 9.99E+03 1.462484E-03 4.100723E-04 2.115699E-04 6.971E+00 1.429E+02 -1.39E+03 1.348517E-05 4.650608E-06 1.997796E-06 4.011E+02
8.190E-01 8.5000E-02 1.74E+01 7.7358E-01 1.1931E-02 6.229E-01 8.623E+01 1.06E+04 1.378495E-03 3.740316E-04 1.979198E-04 8.131E+00 1.413E+02 -1.32E+03 1.274752E-05 4.382770E-06 1.889125E-06 4.236E+02
8.448E-01 7.7900E-02 1.67E+01 7.5301E-01 1.1982E-02 6.796E-01 8.936E+01 1.04E+04 1.275150E-03 3.704487E-04 1.857645E-04 7.389E+00 1.379E+02 -1.42E+03 1.197725E-05 4.113634E-06 1.772879E-06 4.442E+02
8.707E-01 7.0800E-02 1.61E+01 7.3231E-01 1.2337E-02 7.493E-01 9.227E+01 1.05E+04 1.189142E-03 3.525085E-04 1.738310E-04 7.528E+00 1.350E+02 -1.45E+03 1.122321E-05 3.839413E-06 1.661648E-06 4.695E+02
8.966E-01 6.3800E-02 1.55E+01 6.9987E-01 1.3178E-02 8.299E-01 9.585E+01 9.75E+03 1.110937E-03 3.641422E-04 1.642105E-04 5.918E+00 1.302E+02 -1.71E+03 1.044025E-05 3.573247E-06 1.542735E-06 4.901E+02
9.224E-01 5.7000E-02 1.49E+01 6.4011E-01 1.4471E-02 9.289E-01 1.001E+02 8.64E+03 1.058567E-03 3.972561E-04 1.560222E-04 3.639E+00 1.233E+02 -2.18E+03 9.719831E-06 3.303880E-06 1.439113E-06 5.051E+02
9.483E-01 5.0500E-02 1.43E+01 6.1751E-01 1.7108E-02 1.048E+00 1.044E+02 8.17E+03 1.009471E-03 4.220352E-04 1.459879E-04 2.040E+00 1.158E+02 -2.71E+03 8.978829E-06 3.043847E-06 1.328877E-06 5.179E+02
9.741E-01 4.4200E-02 1.37E+01 5.5943E-01 2.2380E-02 1.198E+00 1.115E+02 7.48E+03 9.777169E-04 5.148274E-04 1.276813E-04 -1.927E-01 1.010E+02 -4.23E+03 8.225849E-06 2.766284E-06 1.218108E-06 5.037E+02
1.000E+00 3.8300E-02 1.31E+01 4.7290E-01 2.6892E-02 6.925E-01 1.171E+02 7.85E+03 8.894243E-04 5.293279E-04 1.054148E-04 -6.863E-01 8.878E+01 -5.24E+03 7.499139E-06 2.512794E-06 1.109988E-06 4.914E+02



