# =============== FLIGHT DATA ===============
25.00 ....................................... Flight speed [m/s]
# =============== ATMOSPHERIC DATA (NOISE GENERATION) ==========
101325.0 .................................... Pressure [Pa]
288.15 ...................................... Temperature [degK]
0.000018 .................................... Dynamic viscosity [Pa*s]
# =============== PROPELLERS DATA ===========
0.3556 ...................................... Propeller #1: Diameter [m]
8000.0 ...................................... Propeller #1: Rpm [root per minute]
2 ........................................... Propeller #1: Number of blades [-]
30 .......................................... Propeller #1: Number of blade sections [-]
NACA4412 .................................... Propeller #1: Profile (equal for all the sections)

r/R, c/R, beta [deg], cl [-], cd [-], shape factor [-] (A=s/c^2), Ue_SS [m/s], dpdx_SS [Pa/m], delta_SS [m], delta_star_SS [m], theta_SS [m], tau_w_SS [Pa], Ue_PS [m/s], dpdx_PS [Pa/m], delta_PS [m], delta_star_PS [m], theta_PS [m], tau_w_PS [Pa]
2.500E-01 1.4290E-01 4.72E+01 1.2035E+00 7.8856E-02 2.479E+00 4.695E+01 1.94E+02 4.200510E-03 2.637006E-03 4.717687E-04 -6.258E-02 1.072E+02 -1.65E+03 2.509593E-05 9.095928E-06 3.709513E-06 1.368E+02
2.759E-01 1.4870E-01 4.49E+01 1.2454E+00 7.8239E-02 3.561E-01 5.059E+01 2.28E+02 4.424898E-03 2.860843E-03 4.808700E-04 -6.491E-02 1.166E+02 -1.95E+03 2.484179E-05 9.015651E-06 3.675002E-06 1.490E+02
3.017E-01 1.5330E-01 4.27E+01 1.2370E+00 7.7600E-02 3.454E-01 5.416E+01 2.66E+02 4.487450E-03 2.947816E-03 4.785738E-04 -6.933E-02 1.255E+02 -2.24E+03 2.434710E-05 8.858441E-06 3.597890E-06 1.630E+02
3.276E-01 1.5690E-01 4.06E+01 1.2401E+00 7.5408E-02 3.374E-01 5.801E+01 3.36E+02 4.433318E-03 3.033584E-03 4.489993E-04 -7.514E-02 1.329E+02 -2.58E+03 2.377048E-05 8.620117E-06 3.514999E-06 1.784E+02
3.534E-01 1.5930E-01 3.87E+01 1.2617E+00 7.2169E-02 3.324E-01 6.178E+01 4.24E+02 4.300485E-03 3.019431E-03 4.205196E-04 -8.487E-02 1.397E+02 -2.91E+03 2.303093E-05 8.355444E-06 3.398825E-06 1.954E+02
3.793E-01 1.6070E-01 3.68E+01 1.2753E+00 6.7625E-02 3.301E-01 6.545E+01 5.22E+02 4.116176E-03 2.918162E-03 3.970143E-04 -9.539E-02 1.462E+02 -3.22E+03 2.241767E-05 8.086006E-06 3.314405E-06 2.128E+02
4.052E-01 1.6120E-01 3.51E+01 1.2453E+00 5.9432E-02 3.284E-01 6.913E+01 6.70E+02 3.882706E-03 2.776111E-03 3.699322E-04 -1.066E-01 1.520E+02 -3.54E+03 2.170835E-05 7.795890E-06 3.210072E-06 2.320E+02
4.310E-01 1.6080E-01 3.34E+01 1.2112E+00 5.1522E-02 3.293E-01 7.247E+01 8.07E+02 3.597030E-03 2.533953E-03 3.500875E-04 -1.186E-01 1.578E+02 -3.79E+03 2.106821E-05 7.547823E-06 3.116336E-06 2.505E+02
4.569E-01 1.5950E-01 3.19E+01 1.1768E+00 4.4375E-02 3.326E-01 7.556E+01 9.42E+02 3.265678E-03 2.232230E-03 3.312059E-04 -1.345E-01 1.636E+02 -3.96E+03 2.031993E-05 7.259930E-06 3.006065E-06 2.712E+02
4.828E-01 1.5750E-01 3.04E+01 1.1538E+00 3.8686E-02 3.362E-01 7.831E+01 1.05E+03 2.903987E-03 1.891496E-03 3.128551E-04 -1.519E-01 1.695E+02 -4.03E+03 1.967011E-05 7.000875E-06 2.912364E-06 2.932E+02
5.086E-01 1.5470E-01 2.90E+01 1.1301E+00 3.3600E-02 3.422E-01 8.069E+01 1.03E+03 2.541306E-03 1.544030E-03 2.952458E-04 -1.706E-01 1.750E+02 -3.97E+03 1.895995E-05 6.738887E-06 2.805577E-06 3.167E+02
5.345E-01 1.5130E-01 2.77E+01 1.1051E+00 2.9066E-02 3.499E-01 8.273E+01 1.19E+03 2.217830E-03 1.225266E-03 2.799602E-04 -1.358E-01 1.804E+02 -3.78E+03 1.835716E-05 6.510076E-06 2.717015E-06 3.405E+02
5.603E-01 1.4720E-01 2.64E+01 1.0787E+00 2.5046E-02 3.597E-01 8.452E+01 4.17E+03 1.995264E-03 9.794931E-04 2.714838E-04 1.017E-01 1.848E+02 -3.46E+03 1.765737E-05 6.228974E-06 2.617216E-06 3.656E+02
5.862E-01 1.4260E-01 2.53E+01 1.0517E+00 2.1536E-02 3.720E-01 8.658E+01 6.54E+03 1.854477E-03 8.109059E-04 2.647747E-04 7.589E-01 1.876E+02 -3.14E+03 1.695940E-05 5.983610E-06 2.510074E-06 3.895E+02
6.121E-01 1.3750E-01 2.42E+01 1.0243E+00 1.8479E-02 3.851E-01 8.909E+01 8.70E+03 1.745059E-03 6.946513E-04 2.550608E-04 1.786E+00 1.891E+02 -2.91E+03 1.634550E-05 5.745163E-06 2.420303E-06 4.131E+02
6.379E-01 1.3190E-01 2.32E+01 9.9626E-01 1.5821E-02 4.014E-01 9.183E+01 1.07E+04 1.659215E-03 6.078946E-04 2.450715E-04 3.017E+00 1.898E+02 -2.71E+03 1.567510E-05 5.487726E-06 2.321730E-06 4.377E+02
6.638E-01 1.2590E-01 2.22E+01 9.6834E-01 1.3530E-02 4.213E-01 9.471E+01 1.26E+04 1.580935E-03 5.368823E-04 2.339906E-04 4.493E+00 1.898E+02 -2.52E+03 1.495547E-05 5.215710E-06 2.216117E-06 4.620E+02
6.897E-01 1.1960E-01 2.13E+01 9.4052E-01 1.1570E-02 4.427E-01 9.775E+01 1.43E+04 1.503076E-03 4.796081E-04 2.217502E-04 6.061E+00 1.893E+02 -2.35E+03 1.424699E-05 4.975982E-06 2.105223E-06 4.888E+02
7.155E-01 1.1300E-01 2.04E+01 9.1265E-01 9.8990E-03 4.685E-01 1.008E+02 1.60E+04 1.429680E-03 4.287304E-04 2.093725E-04 7.928E+00 1.882E+02 -2.18E+03 1.359842E-05 4.741570E-06 2.009140E-06 5.127E+02
7.414E-01 1.0620E-01 1.96E+01 8.8521E-01 8.4558E-03 4.985E-01 1.040E+02 1.76E+04 1.359720E-03 3.864086E-04 1.972451E-04 9.903E+00 1.869E+02 -2.01E+03 1.289925E-05 4.475119E-06 1.907118E-06 5.425E+02
7.672E-01 9.9200E-02 1.88E+01 8.5824E-01 7.1809E-03 5.337E-01 1.073E+02 1.89E+04 1.283202E-03 3.521555E-04 1.847379E-04 1.166E+01 1.851E+02 -1.87E+03 1.226946E-05 4.233062E-06 1.816689E-06 5.716E+02
7.931E-01 9.2100E-02 1.81E+01 8.4028E-01 5.9175E-03 5.760E-01 1.107E+02 2.02E+04 1.206480E-03 3.206791E-04 1.723181E-04 1.356E+01 1.831E+02 -1.73E+03 1.162579E-05 4.011968E-06 1.719415E-06 6.009E+02
8.190E-01 8.5000E-02 1.74E+01 8.2290E-01 4.6936E-03 6.229E-01 1.141E+02 2.15E+04 1.126335E-03 2.913786E-04 1.596840E-04 1.555E+01 1.807E+02 -1.58E+03 1.094743E-05 3.778250E-06 1.617091E-06 6.331E+02
8.448E-01 7.7900E-02 1.67E+01 8.0579E-01 3.4348E-03 6.796E-01 1.177E+02 2.22E+04 1.038313E-03 2.713198E-04 1.476199E-04 1.643E+01 1.773E+02 -1.52E+03 1.030057E-05 3.531908E-06 1.523568E-06 6.691E+02
8.707E-01 7.0800E-02 1.61E+01 7.6608E-01 4.3698E-03 7.493E-01 1.213E+02 2.31E+04 9.615295E-04 2.493982E-04 1.364188E-04 1.802E+01 1.741E+02 -1.40E+03 9.680937E-06 3.298119E-06 1.435059E-06 7.060E+02
8.966E-01 6.3800E-02 1.55E+01 7.2503E-01 5.7523E-03 8.299E-01 1.251E+02 2.34E+04 8.821092E-04 2.347339E-04 1.260278E-04 1.839E+01 1.699E+02 -1.38E+03 9.035314E-06 3.074126E-06 1.338550E-06 7.439E+02
9.224E-01 5.7000E-02 1.49E+01 6.9410E-01 7.3156E-03 9.289E-01 1.291E+02 2.31E+04 8.106262E-04 2.255050E-04 1.170648E-04 1.784E+01 1.648E+02 -1.44E+03 8.363751E-06 2.847823E-06 1.236421E-06 7.847E+02
9.483E-01 5.0500E-02 1.43E+01 6.7318E-01 9.0476E-03 1.048E+00 1.335E+02 2.20E+04 7.467666E-04 2.241942E-04 1.093810E-04 1.567E+01 1.584E+02 -1.67E+03 7.761224E-06 2.630818E-06 1.149299E-06 8.176E+02
9.741E-01 4.4200E-02 1.37E+01 6.4163E-01 1.0941E-02 1.198E+00 1.381E+02 2.09E+04 6.950194E-04 2.255150E-04 1.026668E-04 1.320E+01 1.509E+02 -2.00E+03 7.122445E-06 2.412639E-06 1.053074E-06 8.559E+02
1.000E+00 3.8300E-02 1.31E+01 5.7439E-01 1.2985E-02 6.925E-01 1.453E+02 1.80E+04 6.693300E-04 2.711911E-04 9.749505E-05 5.100E+00 1.366E+02 -3.59E+03 6.532419E-06 2.199546E-06 9.669831E-07 8.570E+02


